-8136.387115	2462.174218
-8136.716493	2461.788644
-8137.035160	2461.389535
-8137.345489	2460.973764
-8137.643700	2460.546217
-8137.929633	2460.107665
-8138.208131	2459.649516
-8138.471541	2459.183047
-8138.722114	2458.704779
-8138.957693	2458.219128
-8139.183308	2457.717453
-8139.376662	2457.254355
-8139.559566	2456.782091
-8139.730358	2456.306421
-8139.891986	2455.822186
-8140.043904	2455.333117
-8140.188480	2454.832802
-8140.328012	2454.313146
-8140.456434	2453.796311
-8140.576435	2453.271903
-8140.688877	2452.734013
-8140.790741	2452.195504
-8140.884719	2451.641991
-8140.969897	2451.077305
-8141.036367	2450.581357
-8141.097018	2450.074608
-8141.151512	2449.562188
-8141.199916	2449.046889
-8141.243337	2448.521727
-8141.282240	2447.987426
-8141.317318	2447.446526
-8141.348732	2446.905381
-8141.377696	2446.350778
-8141.404200	2445.787204
-8141.428276	2445.214197
-8141.583486	2444.718508
-8141.602875	2444.217030
-8141.750940	2443.700005
-8141.767993	2443.187381
-8141.783924	2442.668760
-8141.921304	2442.130690
-8141.935278	2441.602144
-8142.069280	2441.044374
-8142.083621	2440.505965
-8142.096867	2439.963055
-8142.215124	2439.392087
-8142.224118	2438.836032
-8142.320042	2438.333305
-8142.325276	2437.766457
-8142.329842	2437.195721
-8142.415267	2436.684339
-8142.418819	2436.100445
-8142.421818	2435.504939
-8142.424216	2434.910271
-8142.425916	2434.311015
-8142.426744	2433.806595
-8142.427030	2433.292142
-8142.426835	2432.780085
-8142.426106	2432.266314
-8142.424804	2431.746014
-8142.422902	2431.216657
-8142.420427	2430.688363
-8142.417327	2430.151841
-8142.413667	2429.618951
-8142.409384	2429.080182
-8142.404469	2428.536288
-8142.398863	2427.982790
-8142.392698	2427.433220
-8142.385882	2426.879220
-8142.378440	2426.322289
-8142.370314	2425.753900
-8142.361631	2425.180138
-8142.352612	2424.613684
-8142.343173	2424.041904
-8142.333331	2423.465563
-8142.323001	2422.875829
-8142.312584	2422.291590
-8142.301963	2421.706097
-8142.290921	2421.107622
-8142.279750	2420.513778
-8142.268156	2419.914787
-8142.256133	2419.306015
-8142.243985	2418.700448
-8142.231537	2418.089449
-8142.218869	2417.476880
-8142.208377	2416.976352
-8142.195105	2416.351654
-8142.181692	2415.729444
-8142.168014	2415.103950
-8142.156921	2414.603031
-8142.145367	2414.087080
-8142.133675	2413.570788
-8142.122024	2413.061904
-8142.110207	2412.550008
-8142.098119	2412.027428
-8142.086134	2411.510226
-8142.073878	2410.982322
-8142.061743	2410.460646
-8142.049217	2409.926137
-8142.036758	2409.398316
-8142.024119	2408.867574
-8142.011065	2408.324577
-8141.997824	2407.779535
-8141.984605	2407.240944
-8141.970958	2406.690475
-8141.957351	2406.147124
-8142.011750	2405.548521
-8141.997347	2404.989884
-8141.983002	2404.438809
-8141.968214	2403.876115
-8142.008292	2403.255889
-8141.993051	2402.700538
-8141.977208	2402.128448
-8141.961480	2401.565630
-8141.945151	2400.986429
-8141.928664	2400.406775
-8141.912244	2399.834904
-8141.895546	2399.260985
-8141.925146	2398.760010
-8141.907743	2398.182038
-8141.889575	2397.587657
-8141.871067	2396.991204
-8141.890724	2396.485864
-8141.871549	2395.895989
-8141.851707	2395.296657
-8141.831634	2394.702267
-8141.839738	2394.172254
-8141.818066	2393.561680
-8141.796442	2392.961986
-8141.774043	2392.348556
-8141.771057	2391.819639
-8141.747870	2391.210248
-8141.723963	2390.589372
-8141.699647	2389.965363
-8141.675447	2389.351527
-8141.650427	2388.724164
-8141.625581	2388.108247
-8141.600186	2387.485715
-8141.574117	2386.853723
-8141.548147	2386.231058
-8141.521287	2385.594013
-8141.494546	2384.966641
-8141.466987	2384.326915
-8141.439439	2383.694160
-8141.411579	2383.060957
-8141.382745	2382.413458
-8141.353638	2381.766810
-8141.324633	2381.128132
-8141.295026	2380.479853
-8141.265590	2379.838820
-8141.235932	2379.196411
-8141.205625	2378.543491
-8141.174977	2377.886766
-8141.144593	2377.239173
-8141.113926	2376.588976
-8141.082680	2375.929992
-8141.051581	2375.277531
-8141.019715	2374.612467
-8140.988157	2373.957251
-8140.955829	2373.289505
-8140.923855	2372.632454
-8140.899285	2372.129809
-8140.866802	2371.468229
-8140.841781	2370.960880
-8140.816685	2370.453950
-8140.791409	2369.945329
-8140.758149	2369.279002
-8140.732597	2368.769296
-8140.699030	2368.102632
-8140.673590	2367.600297
-8140.647370	2367.085679
-8140.621186	2366.574544
-8140.594639	2366.059781
-8140.568462	2365.555583
-8140.541610	2365.041252
-8140.515083	2364.535219
-8140.487705	2364.014781
-8140.460279	2363.495317
-8140.433428	2362.988630
-8140.405588	2362.466307
-8140.378360	2361.958760
-8140.350002	2361.433474
-8140.321708	2360.912643
-8140.293752	2360.400370
-8140.264929	2359.874599
-8140.236458	2359.358393
-8140.207261	2358.831563
-8140.177801	2358.301788
-8140.148923	2357.784217
-8140.119155	2357.252482
-8140.089404	2356.722833
-8140.060016	2356.201403
-8140.029984	2355.670370
-8139.999462	2355.133625
-8139.969715	2354.613356
-8139.938993	2354.077839
-8139.908865	2353.554373
-8139.877747	2353.015461
-8139.846465	2352.475491
-8139.816026	2351.951752
-8139.784721	2351.414853
-8139.753154	2350.874459
-8139.722241	2350.345548
-8139.690288	2349.799139
-8139.659248	2349.268628
-8139.627278	2348.722503
-8139.595429	2348.178424
-8139.564206	2347.643970
-8139.532364	2347.097673
-8139.501255	2346.561697
-8139.469556	2346.012830
-8139.437884	2345.460546
-8139.407119	2344.919190
-8139.376069	2344.366743
-8139.345256	2343.811921
-8139.314857	2343.258324
-8139.285416	2342.716058
-8139.255547	2342.159849
-8139.226741	2341.617444
-8139.197537	2341.061387
-8139.169177	2340.514404
-8139.140513	2339.953481
-8139.112407	2339.395224
-8139.084516	2338.831887
-8139.057841	2338.283046
-8139.031143	2337.723388
-8139.005409	2337.173547
-8138.979389	2336.606676
-8138.954059	2336.043637
-8138.929674	2335.490479
-8138.905208	2334.924502
-8138.881224	2334.358854
-8138.858150	2333.804906
-8138.834865	2333.235835
-8138.812579	2332.682670
-8138.789934	2332.112291
-8138.767680	2331.544321
-8138.746066	2330.986564
-8138.724127	2330.415836
-8138.702331	2329.844605
-8138.680544	2329.270542
-8138.659337	2328.709926
-8138.637748	2328.137312
-8138.616496	2327.571129
-8138.595082	2326.997927
-8138.573660	2326.421389
-8138.552843	2325.858695
-8138.531535	2325.280813
-8138.510467	2324.707465
-8138.489804	2324.143221
-8138.468759	2323.566615
-8138.448160	2323.000273
-8138.427272	2322.424020
-8138.406399	2321.846199
-8138.385691	2321.270347
-8138.365592	2320.707316
-8138.345181	2320.132601
-8138.325331	2319.571298
-8138.305133	2318.998126
-8138.284900	2318.421927
-8138.265222	2317.860777
-8138.244983	2317.283394
-8138.225252	2316.720862
-8138.205018	2316.144669
-8138.184865	2315.573257
-8138.164474	2314.998188
-8138.144669	2314.442571
-8138.124136	2313.869502
-8138.104004	2313.310564
-8138.083250	2312.737312
-8138.062853	2312.176802
-8138.041941	2311.605100
-8138.021021	2311.036076
-8138.000397	2310.477969
-8137.979162	2309.906174
-8137.957816	2309.334331
-8137.936904	2308.776904
-8137.915388	2308.206184
-8137.894231	2307.647755
-8137.872404	2307.074466
-8137.850739	2306.508259
-8137.828840	2305.938726
-8137.807365	2305.382914
-8137.785273	2304.813887
-8137.763532	2304.256579
-8137.741278	2303.688859
-8137.718937	2303.121633
-8137.696915	2302.565134
-8137.674444	2301.999962
-8137.651721	2301.431147
-8137.629415	2300.875380
-8137.606586	2300.309193
-8137.584021	2299.752144
-8137.561049	2299.187635
-8137.538399	2298.633591
-8137.515126	2298.066883
-8137.491798	2297.501449
-8137.468270	2296.933740
-8137.445223	2296.380157
-8137.421721	2295.818052
-8137.398534	2295.265363
-8137.374718	2294.700186
-8137.351480	2294.150706
-8137.327539	2293.585623
-8137.303615	2293.022290
-8137.279730	2292.460300
-8137.256275	2291.908805
-8137.232205	2291.343280
-8137.208222	2290.780212
-8137.184761	2290.229816
-8137.160848	2289.669201
-8137.137252	2289.116429
-8137.113287	2288.555435
-8137.089190	2287.991748
-8137.065080	2287.427705
-8137.041549	2286.876725
-8137.017556	2286.314874
-8136.994124	2285.764653
-8136.970232	2285.202325
-8136.947151	2284.657723
-8136.923464	2284.095718
-8136.899987	2283.536546
-8136.876430	2282.973810
-8136.853512	2282.424677
-8136.830126	2281.862659
-8136.807408	2281.315056
-8136.784384	2280.758418
-8136.761864	2280.212305
-8136.738839	2279.652379
-8136.715790	2279.090772
-8136.692950	2278.532505
-8136.670671	2277.986306
-8136.648135	2277.432130
-8136.626093	2276.888422
-8136.603571	2276.331163
-8136.581119	2275.773911
-8136.559320	2275.231163
-8136.536875	2274.670635
-8136.514667	2274.115219
-8136.492876	2273.569004
-8136.470828	2273.015120
-8136.449182	2272.471548
-8136.427065	2271.915968
-8136.405370	2271.370350
-8136.383242	2270.812115
-8136.361309	2270.257007
-8136.339399	2269.700736
-8136.317452	2269.142713
-8136.295732	2268.589165
-8136.273913	2268.031334
-8136.251676	2267.460951
-8136.230006	2266.903256
-8136.207941	2266.334716
-8136.186438	2265.781112
-8136.163819	2265.199283
-8136.141754	2264.632153
-8136.119740	2264.067343
-8136.097634	2263.501669
-8136.076053	2262.949866
-8136.053978	2262.385914
-8136.031966	2261.824025
-8136.009946	2261.262402
-8135.988505	2260.716009
-8135.966524	2260.156279
-8135.944726	2259.601678
-8135.504960	2259.145094
-8135.483046	2258.592337
-8135.460643	2258.027700
-8135.439375	2257.492126
-8135.417526	2256.942334
-8135.068306	2256.496500
-8135.046280	2255.953257
-8135.024081	2255.406764
-8135.002361	2254.873662
-8134.980259	2254.332676
-8134.958511	2253.801208
-8134.936207	2253.258580
-8134.913912	2252.718583
-8134.891774	2252.183299
-8134.869925	2251.655529
-8134.847755	2251.121535
-8134.566005	2250.684908
-8134.543618	2250.154770
-8134.521105	2249.622737
-8134.499159	2249.105060
-8134.476735	2248.576504
-8134.245602	2248.127582
-8134.223014	2247.600953
-8134.200474	2247.076057
-8134.178332	2246.562290
-8134.155824	2246.041394
-8134.133748	2245.530847
-8133.937986	2244.914732
-8133.915142	2244.399669
-8133.892621	2243.894075
-8133.869602	2243.379109
-8133.846626	2242.865604
-8133.823741	2242.354471
-8133.800853	2241.843668
-8133.778115	2241.336563
-8133.748413	2240.675395
-8133.725667	2240.170481
-8133.558394	2239.578697
-8133.535385	2239.074637
-8133.512437	2238.574023
-8133.489361	2238.072765
-8133.348449	2237.465605
-8133.325244	2236.965554
-8133.294558	2236.307484
-8133.263915	2235.653957
-8133.233192	2235.002292
-8133.202891	2234.363043
-8133.172103	2233.717000
-8133.140515	2233.057747
-8133.109713	2232.418397
-8133.078671	2231.777477
-8133.047734	2231.142102
-8133.016741	2230.508926
-8132.986112	2229.886345
-8132.868576	2229.317251
-8132.837537	2228.688162
-8132.806262	2228.054849
-8132.775403	2227.430091
-8132.745381	2226.822465
-8132.715109	2226.208419
-8132.684751	2225.590557
-8132.654846	2224.981617
-8132.556183	2224.437484
-8132.526308	2223.830546
-8132.496526	2223.224864
-8132.466759	2222.619907
-8132.437461	2222.025024
-8132.408676	2221.441058
-8132.379440	2220.848446
-8132.297495	2220.297356
-8132.268148	2219.708833
-8132.238787	2219.123048
-8132.209378	2218.539330
-8132.179937	2217.957936
-8132.150625	2217.382006
-8132.121703	2216.816597
-8132.092592	2216.250302
-8132.063345	2215.684185
-8132.033688	2215.112677
-8132.004409	2214.550374
-8131.974993	2213.988232
-8131.945351	2213.424531
-8131.916004	2212.869164
-8131.886723	2212.317740
-8131.857791	2211.775498
-8131.828470	2211.228573
-8131.798599	2210.674072
-8131.769161	2210.130244
-8131.739780	2209.590042
-8131.710869	2209.060963
-8131.681533	2208.526001
-8131.652275	2207.992958
-8131.623131	2207.462391
-8131.594001	2206.932505
-8131.565134	2206.407809
-8131.536269	2205.883314
-8131.507731	2205.363842
-8131.479503	2204.849037
-8131.451789	2204.343925
-8131.423749	2203.832727
-8131.395729	2203.320359
-8131.367853	2202.810003
-8131.339718	2202.295321
-8131.312101	2201.790516
-8131.278306	2201.173332
-8131.243758	2200.543000
-8131.210320	2199.933518
-8131.176080	2199.309947
-8131.142458	2198.697710
-8131.109038	2198.089728
-8131.075705	2197.483910
-8131.042710	2196.884835
-8131.009770	2196.287159
-8130.977010	2195.692673
-8130.944124	2195.094095
-8130.912407	2194.514459
-8130.880577	2193.929991
-8130.849131	2193.348866
-8130.818191	2192.771982
-8130.787301	2192.190997
-8130.757117	2191.620298
-8130.727300	2191.053578
-8130.697898	2190.490643
-8130.668832	2189.931687
-8130.639956	2189.375540
-8130.611522	2188.824907
-8130.583024	2188.268120
-8130.555761	2187.732724
-8130.528231	2187.189805
-8130.501150	2186.653523
-8130.474206	2186.119628
-8130.446955	2185.579691
-8130.420526	2185.054536
-8130.394226	2184.532272
-8130.368092	2184.013871
-8130.342137	2183.499561
-8130.316298	2182.988250
-8130.290523	2182.480468
-8130.264405	2181.969190
-8130.233978	2181.377636
-8130.203314	2180.785850
-8130.172690	2180.199197
-8130.141775	2179.611329
-8130.110895	2179.028419
-8130.080619	2178.461056
-8130.050195	2177.896617
-8130.019692	2177.337523
-8129.988717	2176.777031
-8129.957763	2176.224090
-8129.927435	2175.689049
-8129.896274	2175.146524
-8129.865363	2174.617762
-8129.834045	2174.094368
-8129.801685	2173.569647
-8129.769057	2173.059358
-8129.735284	2172.551994
-8129.694699	2171.971330
-8129.657823	2171.471499
-8129.613561	2170.906272
-8129.566918	2170.350678
-8129.516767	2169.796987
-8129.463764	2169.256083
-8129.406611	2168.717003
-8129.346454	2168.191691
-8129.282112	2167.671084
-8129.213298	2167.154943
-8129.140563	2166.649123
-8129.062186	2166.144461
-8128.966920	2165.579403
-8128.864026	2165.018501
-8128.753144	2164.460913
-8128.635631	2163.913178
-8128.511183	2163.373800
-8128.377701	2162.835859
-8128.236627	2162.307158
-8128.090582	2161.797551
-8127.933756	2161.286853
-8127.769001	2160.784928
-8127.593766	2160.285483
-8127.409628	2159.794115
-8127.212942	2159.301875
-8127.008311	2158.820605
-8126.790301	2158.337583
-8126.561601	2157.860133
-8126.323156	2157.391467
-8126.073166	2156.929506
-8125.812729	2156.477590
-8125.537602	2156.029395
-8125.252095	2155.592761
-8124.954472	2155.165070
-8124.646247	2154.747796
-8124.317047	2154.327621
-8123.982794	2153.925721
-8123.630884	2153.526918
-8123.267281	2153.138044
-8122.895519	2152.762195
-8122.506596	2152.391131
-8122.105385	2152.030546
-8121.687033	2151.676845
-8121.257776	2151.335671
-8120.808046	2150.999895
-8120.348870	2150.678130
-8119.879635	2150.369686
-8119.453898	2150.106569
-8119.017261	2149.852287
-8118.573722	2149.609006
-8118.111152	2149.370402
-8117.650119	2149.147133
-8117.172298	2148.930092
-8116.687264	2148.723898
-8116.189744	2148.526528
-8115.688254	2148.341518
-8115.173050	2148.165251
-8114.648843	2147.999111
-8114.122194	2147.845011
-8113.592135	2147.701944
-8113.041940	2147.565003
-8112.485668	2147.437714
-8111.927149	2147.320445
-8111.359196	2147.211418
-8110.790385	2147.112506
-8110.294848	2147.034768
-8109.787328	2146.963272
-8109.278398	2146.899532
-8108.764096	2146.842533
-8108.245866	2146.792164
-8107.723021	2146.747900
-8107.195292	2146.709057
-8106.661085	2146.674903
-8106.131446	2146.645404
-8105.587949	2146.618938
-8105.039017	2146.595745
-8104.486400	2146.575863
-8103.929393	2146.559163
-8103.366214	2146.545443
-8102.792806	2146.534554
-8102.221697	2146.526678
-8101.644420	2146.521696
-8101.063685	2146.519605
-8100.469295	2146.520468
-8099.878231	2146.524231
-8099.282476	2146.530738
-8098.682772	2146.539811
-8098.170981	2146.549444
-8097.664250	2146.560554
-8097.152851	2146.573201
-8096.641209	2146.587208
-8096.125166	2146.602693
-8095.597340	2146.619886
-8095.072959	2146.638158
-8094.545127	2146.657670
-8094.016453	2146.678290
-8093.473224	2146.700425
-8092.927411	2146.723481
-8092.386270	2146.747071
-8091.842863	2146.771391
-8091.295397	2146.796387
-8090.744466	2146.821900
-8090.184085	2146.848145
-8089.626408	2146.874449
-8089.065149	2146.901024
-8088.504163	2146.927615
-8087.929353	2146.954892
-8087.403853	2146.861144
-8086.831609	2146.889621
-8086.246029	2146.918718
-8085.668381	2146.947448
-8085.077299	2146.976868
-8084.491331	2147.006014
-8083.903936	2147.035134
-8083.312614	2147.064386
-8082.710156	2147.094189
-8082.113160	2147.123709
-8081.504113	2147.153841
-8080.901946	2147.183664
-8080.297286	2147.213582
-8079.686579	2147.243767
-8079.066894	2147.274422
-8078.453925	2147.304671
-8077.953428	2147.329348
-8077.330606	2147.360006
-8076.708578	2147.390632
-8076.200983	2147.415605
-8075.582217	2147.446077
-8075.075768	2147.471011
-8074.449304	2147.501740
-8073.825027	2147.532217
-8073.316667	2147.556928
-8072.808743	2147.581531
-8072.186377	2147.611565
-8071.565017	2147.641480
-8070.943505	2147.671277
-8070.439186	2147.695361
-8069.815840	2147.725012
-8069.195526	2147.754390
-8068.692793	2147.778135
-8068.074526	2147.807358
-8067.454940	2147.836618
-8066.951761	2147.860374
-8066.337138	2147.889338
-8065.720326	2147.918268
-8065.107769	2147.946771
-8064.485217	2147.975600
-8063.863477	2148.004320
-8063.250791	2148.032576
-8062.643341	2148.060672
-8062.037000	2148.088902
-8061.428402	2148.117375
-8060.812570	2148.146235
-8060.202475	2148.174988
-8059.587776	2148.204150
-8058.984950	2148.232938
-8058.380049	2148.262015
-8057.768235	2148.291725
-8057.162339	2148.321495
-8056.550353	2148.351916
-8055.938497	2148.382707
-8055.315751	2148.414448
-8054.689684	2148.446884
-8054.070826	2148.479534
-8053.454965	2148.512715
-8052.840804	2148.546493
-8052.227320	2148.580975
-8051.613207	2148.616348
-8050.994283	2148.652991
-8050.386252	2148.690170
-8049.780506	2148.728525
-8049.175926	2148.768216
-8048.574161	2148.809291
-8047.973146	2148.851947
-8047.363274	2148.896941
-8046.777680	2148.941895
-8046.191111	2148.988712
-8045.599948	2149.037783
-8045.012181	2149.088503
-8044.424815	2149.141240
-8043.837966	2149.196043
-8043.253647	2149.252833
-8042.681374	2149.310647
-8042.117975	2149.369707
-8041.557255	2149.430637
-8040.986541	2149.494930
-8040.428114	2149.560079
-8039.868263	2149.627620
-8039.311432	2149.697014
-8038.755769	2149.768472
-8038.198345	2149.842378
-8037.643622	2149.918070
-8037.093339	2149.995345
-8036.540585	2150.075248
-8035.991165	2150.156904
-8035.430880	2150.242373
-8034.880863	2150.328401
-8034.331448	2150.416536
-8033.780478	2150.507049
-8033.218623	2150.601546
-8032.665700	2150.696654
-8032.109266	2150.794393
-8031.552287	2150.894107
-8030.993134	2150.995954
-8030.430457	2151.100170
-8029.868731	2151.206042
-8029.304647	2151.314296
-8028.741793	2151.424202
-8028.168406	2151.538076
-8027.600872	2151.652753
-8027.031025	2151.769769
-8026.460812	2151.888734
-8025.888911	2152.009929
-8025.305807	2152.135432
-8024.732835	2152.260658
-8024.154789	2152.388899
-8023.578397	2152.518678
-8023.001017	2152.650590
-8022.416012	2152.786263
-8021.837102	2152.922378
-8021.256005	2153.060577
-8020.674296	2153.200531
-8020.090208	2153.342574
-8019.499247	2153.487674
-8018.914933	2153.632319
-8018.330131	2153.778317
-8017.741645	2153.926299
-8017.152482	2154.075436
-8016.555382	2154.227525
-8015.962734	2154.379383
-8015.373849	2154.531087
-8014.785826	2154.683462
-8014.191061	2154.838597
-8013.587463	2154.997023
-8012.992424	2155.154179
-8012.395208	2155.312931
-8011.798672	2155.472523
-8011.311786	2155.603537
-8010.712865	2155.765697
-8010.112887	2155.929422
-8009.630708	2156.061987
-8009.144334	2156.196744
-8008.541010	2156.365519
-8008.059276	2156.501621
-8007.567543	2156.641864
-8007.082997	2156.781465
-8006.599292	2156.922299
-8006.111237	2157.066008
-8005.617413	2157.213187
-8005.132139	2157.359629
-8004.634757	2157.511689
-8004.149019	2157.662336
-8003.661946	2157.815613
-8003.173189	2157.971538
-8002.675392	2158.132343
-8002.185486	2158.292536
-8001.686942	2158.457484
-8001.196132	2158.621630
-8000.706889	2158.786897
-8000.215699	2158.954389
-7999.715080	2159.126629
-7999.214091	2159.300514
-7998.722858	2159.472412
-7998.231255	2159.645743
-7997.740688	2159.819936
-7997.238474	2159.999546
-7996.745873	2160.176912
-7996.240740	2160.359939
-7995.744465	2160.540829
-7995.253053	2160.720903
-7994.748375	2160.906689
-7994.251363	2161.090442
-7993.749722	2161.276705
-7993.243496	2161.465419
-7992.744984	2161.652062
-7992.236049	2161.843426
-7991.735449	2162.032516
-7991.233250	2162.223179
-7990.722962	2162.418062
-7990.210341	2162.615191
-7989.707601	2162.809989
-7989.195496	2163.010073
-7988.692258	2163.208418
-7988.187649	2163.409060
-7987.673843	2163.615253
-7987.159871	2163.823427
-7986.655109	2164.029730
-7986.141381	2164.241589
-7985.636990	2164.451469
-7985.130826	2164.664032
-7984.617727	2164.881447
-7984.112055	2165.097601
-7983.596009	2165.320117
-7983.091249	2165.539663
-7982.576914	2165.765301
-7982.069568	2165.989785
-7981.562834	2166.215883
-7981.046155	2166.448257
-7980.528629	2166.682868
-7980.021889	2166.914401
-7979.505951	2167.151934
-7978.999704	2167.386692
-7978.490806	2167.624297
-7977.972455	2167.867899
-7977.453999	2168.113055
-7976.944332	2168.355447
-7976.427235	2168.602666
-7975.916074	2168.848245
-7975.404784	2169.094964
-7974.885412	2169.346672
-7974.362088	2169.601408
-7973.851718	2169.850916
-7973.330012	2170.107027
-7972.817492	2170.359650
-7972.301723	2170.614918
-7971.780347	2170.873948
-7971.265757	2171.130588
-7970.742170	2171.392694
-7970.229121	2171.650486
-7969.704226	2171.915205
-7969.187050	2172.176907
-7968.662004	2172.443440
-7968.144039	2172.707181
-7967.616740	2172.976357
-7967.099864	2173.240717
-7966.580472	2173.506779
-7966.051721	2173.777957
-7965.528851	2174.046354
-7964.996660	2174.319701
-7964.465731	2174.592640
-7963.943697	2174.861309
-7963.419070	2175.131612
-7962.886182	2175.406461
-7962.359926	2175.678138
-7961.824457	2175.954777
-7961.289719	2176.231209
-7960.763631	2176.503341
-7960.235062	2176.776990
-7959.697594	2177.055552
-7959.166715	2177.331007
-7958.625695	2177.612038
-7958.088486	2177.891332
-7957.559163	2178.166694
-7957.025218	2178.444611
-7956.486146	2178.725242
-7955.952824	2179.002909
-7955.412326	2179.284412
-7954.870710	2179.566630
-7954.337927	2179.844273
-7953.806445	2180.121166
-7953.268816	2180.401151
-7952.739344	2180.676804
-7952.203168	2180.955749
-7951.669978	2181.232970
-7951.132648	2181.512165
-7950.601819	2181.787871
-7950.072844	2182.062502
-7949.535281	2182.341458
-7948.999230	2182.619501
-7948.470332	2182.893722
-7947.935278	2183.171023
-7947.408204	2183.444037
-7946.872712	2183.721164
-7946.345790	2183.993606
-7945.810593	2184.270072
-7945.286018	2184.540803
-7944.751327	2184.816462
-7944.226722	2185.086539
-7943.703281	2185.355635
-7943.171312	2185.628709
-7942.637587	2185.902165
-7942.112354	2186.170763
-7941.580831	2186.442100
-7941.058821	2186.708093
-7940.536398	2186.973789
-7940.005285	2187.243479
-7939.482365	2187.508626
-7938.954327	2187.775983
-7938.422828	2188.044662
-7937.901064	2188.307905
-7937.382461	2188.569045
-7936.852933	2188.835177
-7936.331776	2189.096608
-7935.803056	2189.361311
-7935.283734	2189.620796
-7934.757368	2189.883283
-7934.238896	2190.141322
-7933.712231	2190.402909
-7933.193688	2190.659862
-7932.667954	2190.919728
-7932.149428	2191.175387
-7931.623796	2191.433900
-7931.106113	2191.687862
-7930.580399	2191.945115
-7930.062991	2192.197644
-7929.538487	2192.452977
-7929.012418	2192.708420
-7928.496901	2192.958097
-7927.981830	2193.206903
-7927.457161	2193.459684
-7926.943081	2193.706617
-7926.417564	2193.958268
-7925.902031	2194.204372
-7925.377678	2194.453912
-7924.864433	2194.697407
-7924.341944	2194.944519
-7923.827247	2195.187171
-7923.313486	2195.428550
-7922.788905	2195.674183
-7922.266192	2195.918163
-7921.753436	2196.156743
-7921.240446	2196.394688
-7920.717678	2196.636368
-7920.203790	2196.873066
-7919.678898	2197.113931
-7919.157486	2197.352204
-7918.645037	2197.585342
-7918.132107	2197.817578
-7917.609410	2198.052997
-7917.096903	2198.282602
-7916.575930	2198.514726
-7916.061728	2198.742453
-7915.541337	2198.971565
-7915.028390	2199.196107
-7914.515508	2199.419274
-7913.994314	2199.644672
-7913.472562	2199.868910
-7912.960818	2200.087484
-7912.441879	2200.307788
-7911.929525	2200.523945
-7911.416940	2200.738861
-7910.893519	2200.956908
-7910.371661	2201.172791
-7909.857707	2201.383836
-7909.337586	2201.595803
-7908.825670	2201.802780
-7908.313058	2202.008347
-7907.791360	2202.215828
-7907.277445	2202.418508
-7906.753017	2202.623602
-7906.241770	2202.821847
-7905.717155	2203.023554
-7905.205195	2203.218710
-7904.691511	2203.412848
-7904.166305	2203.609577
-7903.644360	2203.803320
-7903.130334	2203.992366
-7902.608964	2204.182300
-7902.095085	2204.367714
-7901.580332	2204.551616
-7901.059593	2204.735819
-7900.535991	2204.919126
-7900.021690	2205.097273
-7899.500661	2205.275755
-7898.987482	2205.449550
-7898.464941	2205.624490
-7897.950242	2205.794781
-7897.426808	2205.965878
-7896.913954	2206.131418
-7896.400074	2206.295252
-7895.876357	2206.460181
-7895.362716	2206.619967
-7894.838239	2206.781124
-7894.322344	2206.937614
-7893.796974	2207.094857
-7893.282286	2207.246710
-7892.759241	2207.398688
-7892.239102	2207.547404
-7891.713425	2207.695312
-7891.195271	2207.838804
-7890.668619	2207.982383
-7890.149447	2208.121746
-7889.630008	2208.259064
-7889.103234	2208.396354
-7888.582565	2208.530085
-7888.053406	2208.663941
-7887.524249	2208.795718
-7887.001041	2208.924019
-7886.480351	2209.049666
-7885.951141	2209.175220
-7885.432882	2209.296005
-7884.897906	2209.418552
-7884.373664	2209.536769
-7883.839662	2209.655323
-7883.314318	2209.770147
-7882.790943	2209.882876
-7882.260299	2209.995671
-7881.736325	2210.105673
-7881.202946	2210.216292
-7880.676525	2210.324202
-7880.141394	2210.432616
-7879.616535	2210.537614
-7879.090533	2210.641514
-7878.557780	2210.745394
-7878.031523	2210.846666
-7877.500827	2210.947447
-7876.976968	2211.045577
-7876.455927	2211.141867
-7875.923183	2211.238975
-7875.402134	2211.332632
-7874.870898	2211.426779
-7874.348075	2211.518099
-7873.827762	2211.607621
-7873.301621	2211.696808
-7872.783061	2211.783460
-7872.252473	2211.870930
-7871.724509	2211.956824
-7871.206798	2212.040003
-7870.687536	2212.122542
-7870.161540	2212.205313
-7869.643963	2212.286005
-7869.119822	2212.366963
-7868.601949	2212.446204
-7868.078236	2212.525583
-7867.564791	2212.602664
-7867.051463	2212.678963
-7866.529403	2212.755701
-7866.013152	2212.830679
-7865.492326	2212.905417
-7864.978076	2212.978206
-7864.459631	2213.050387
-7863.953437	2213.119672
-7863.436881	2213.189213
-7862.914052	2213.258415
-7862.394264	2213.325881
-7861.887501	2213.390379
-7861.377466	2213.454066
-7860.858726	2213.517657
-7860.350294	2213.578855
-7859.830633	2213.640307
-7859.313432	2213.700417
-7858.803153	2213.758774
-7858.295192	2213.815934
-7857.778536	2213.873064
-7857.272095	2213.928021
-7856.755196	2213.983053
-7856.249687	2214.035828
-7855.733997	2214.088663
-7855.227664	2214.139603
-7854.720741	2214.189727
-7854.207687	2214.239676
-7853.702872	2214.288050
-7853.190113	2214.336350
-7852.683804	2214.383212
-7852.172196	2214.429744
-7851.670205	2214.474644
-7851.165843	2214.518955
-7850.655709	2214.563036
-7850.143432	2214.606568
-7849.642222	2214.648475
-7849.140381	2214.689775
-7848.631264	2214.730899
-7848.131153	2214.770481
-7847.611426	2214.810759
-7847.090836	2214.850162
-7846.574685	2214.888315
-7846.056205	2214.925667
-7845.542455	2214.961784
-7845.034869	2214.996622
-7844.523260	2215.030899
-7844.014609	2215.064187
-7843.507213	2215.096631
-7842.991631	2215.128837
-7842.489304	2215.159502
-7841.989362	2215.189395
-7841.372482	2215.225415
-7840.748437	2215.260912
-7840.148577	2215.294295
-7839.531882	2215.328071
-7838.921237	2215.361133
-7838.331036	2215.392804
-7837.738337	2215.424373
-7837.148488	2215.455570
-7836.561649	2215.486342
-7835.978081	2215.516661
-7835.396863	2215.546631
-7834.823147	2215.576054
-7834.253301	2215.605083
-7833.687441	2215.633740
-7833.131779	2215.661762
-7832.564261	2215.690322
-7832.001928	2215.718560
-7831.454078	2215.745954
-7830.908671	2215.773108
-7830.368794	2215.799918
-7829.843545	2215.826027
-7829.306696	2215.852740
-7828.774881	2215.879232
-7828.254587	2215.905223
-7827.749540	2215.930611
-7827.238776	2215.956449
-7826.735307	2215.982079
-7826.229079	2216.008012
-7825.639609	2216.038420
-7825.056154	2216.068741
-7824.479577	2216.098924
-7823.909939	2216.128849
-7823.338592	2216.158734
-7822.770352	2216.188144
-7822.217583	2216.216219
-7821.674654	2216.243054
-7821.125732	2216.269181
-7820.591094	2216.293376
-7820.050930	2216.316585
-7819.512257	2216.338802
-7818.972234	2216.360356
-7818.434416	2216.381355
-7817.898740	2216.402051
-7817.381890	2216.421927
-7816.863933	2216.441866
-7816.338632	2216.462096
-7815.814205	2216.482324
-7815.289272	2216.502595
-7814.763571	2216.522838
-7814.239205	2216.543090
-7813.711461	2216.563669
-7813.175444	2216.584902
-7812.630600	2216.606958
-7812.089769	2216.629451
-7811.542061	2216.652792
-7810.990540	2216.676569
-7810.433556	2216.700685
-7809.873454	2216.725107
-7809.311433	2216.749823
-7808.745580	2216.774918
-7808.177219	2216.800362
-7807.604065	2216.826238
-7807.026658	2216.852520
-7806.449252	2216.879017
-7805.854931	2216.906430
-7805.264771	2216.933789
-7804.669406	2216.961462
-7804.080823	2216.988739
-7803.573892	2217.012118
-7803.069415	2217.035277
-7802.566280	2217.058271
-7802.059246	2217.081338
-7801.550362	2217.104395
-7801.028610	2217.128037
-7800.515204	2217.151309
-7799.999097	2217.174655
-7799.479649	2217.198045
-7798.957168	2217.221464
-7798.430102	2217.244960
-7797.897033	2217.268590
-7797.375809	2217.291573
-7796.837258	2217.315209
-7796.303597	2217.338519
-7795.767800	2217.361812
-7795.230265	2217.385069
-7794.690346	2217.408317
-7794.148444	2217.431539
-7793.603263	2217.454789
-7793.049762	2217.478278
-7792.500481	2217.501544
-7791.951108	2217.524840
-7791.399117	2217.548250
-7790.841863	2217.571912
-7790.284364	2217.595615
-7789.723771	2217.619565
-7789.163183	2217.643582
-7788.598265	2217.667933
-7788.023961	2217.692867
-7787.458223	2217.717607
-7786.887776	2217.742729
-7786.318708	2217.767893
-7785.751652	2217.792998
-7785.183270	2217.818190
-7784.616960	2217.843382
-7784.050683	2217.868629
-7783.485228	2217.893868
-7782.908979	2217.919693
-7782.344647	2217.945087
-7781.780969	2217.970411
-7781.220522	2217.995573
-7780.658200	2218.020845
-7780.097411	2218.045978
-7779.529774	2218.071300
-7778.968794	2218.096208
-7778.408814	2218.120944
-7777.852538	2218.145178
-7777.288869	2218.169373
-7776.731976	2218.193041
-7776.167132	2218.216858
-7775.613890	2218.239837
-7775.060249	2218.262626
-7774.500164	2218.285770
-7773.945885	2218.308611
-7773.394589	2218.331074
-7772.844970	2218.353342
-7772.295952	2218.375670
-7771.735113	2218.398365
-7771.186656	2218.420341
-7770.631784	2218.442591
-7770.253085	2218.796867
-7769.689300	2218.820303
-7769.118814	2218.844202
-7768.546500	2218.868282
-7767.994840	2218.891380
-7767.436868	2218.914893
-7766.871752	2218.938890
-7766.396751	2219.243540
-7765.837642	2219.267453
-7765.288211	2219.291127
-7764.798943	2219.558718
-7764.255770	2219.582735
-7763.714776	2219.606830
-7763.236188	2219.840106
-7762.700685	2219.863982
-7762.159640	2219.888278
-7761.686370	2220.093563
-7761.166952	2220.117221
-7760.649443	2220.140931
-7760.176519	2220.320762
-7759.656343	2220.344785
-7759.138975	2220.368706
-7758.624730	2220.392511
-7758.061244	2220.555654
-7757.561034	2220.578795
-7756.988563	2220.724981
-7756.485709	2220.748520
-7755.891342	2220.776407
-7755.338434	2220.903797
-7754.753598	2220.931005
-7754.165958	2220.958546
-7753.623047	2221.071734
-7753.044481	2221.099091
-7752.516991	2221.200452
-7751.956534	2221.227361
-7751.396878	2221.254469
-7750.872971	2221.345195
-7750.323811	2221.371759
-7749.783512	2221.398430
-7749.277725	2221.481313
-7748.746705	2221.508855
-7748.236659	2221.535624
-7747.739929	2221.612352
-7747.213524	2221.640598
-7746.689812	2221.669055
-7746.113013	2221.744918
-7745.592905	2221.773930
-7745.014771	2221.846569
-7744.490119	2221.876604
-7743.957547	2221.907773
-7743.459214	2221.974012
-7742.938816	2222.005000
-7742.417396	2222.036617
-7741.834822	2222.103025
-7741.319960	2222.135981
-7740.793836	2222.170342
-7740.226295	2222.234928
-7739.719806	2222.268437
-7739.146677	2222.329393
-7738.634870	2222.363817
-7738.061377	2222.424625
-7737.556834	2222.460087
-7737.046921	2222.496397
-7736.540471	2222.532816
-7736.035217	2222.569498
-7735.530664	2222.606577
-7735.027573	2222.644050
-7734.523661	2222.682088
-7733.957316	2222.741667
-7733.457701	2222.780428
-7732.958209	2222.819524
-7732.406163	2222.877411
-7731.824093	2222.923452
-7731.263924	2222.979816
-7730.685593	2223.026561
-7730.114945	2223.073350
-7729.560135	2223.129302
-7728.983164	2223.177769
-7728.406862	2223.226642
-7727.839968	2223.275274
-7727.267846	2223.325020
-7726.700577	2223.375007
-7726.134555	2223.425442
-7725.597654	2223.486871
-7725.026177	2223.538657
-7724.468914	2223.589704
-7723.906459	2223.641882
-7723.346478	2223.694465
-7722.818422	2223.755842
-7722.262465	2223.809092
-7721.728457	2223.870595
-7721.173278	2223.924953
-7720.636918	2223.987508
-7720.072692	2224.044392
-7719.503127	2224.103209
-7718.960072	2224.169661
-7718.403145	2224.230317
-7717.863913	2224.299426
-7717.308327	2224.363442
-7716.772678	2224.435159
-7716.239644	2224.500680
-7715.708037	2224.568325
-7715.183069	2224.637398
-7714.660587	2224.708571
-7714.163864	2224.786541
-7713.662048	2224.860235
-7713.112493	2224.950402
-7712.554242	2225.039515
-7712.020418	2225.134898
-7711.491308	2225.227721
-7710.971419	2225.328360
-7710.457908	2225.426904
-7709.965013	2225.528312
-7709.475245	2225.630935
-7708.942134	2225.751727
-7708.425852	2225.874272
-7707.934879	2226.002109
-7707.450538	2226.133800
-7706.936635	2226.287406
-7706.439454	2226.445009
-7705.918853	2226.624431
-7705.425450	2226.809781
-7704.951912	2227.003502
-7704.493025	2227.207829
-7704.010634	2227.441488
-7703.543985	2227.688118
-7703.090491	2227.949954
-7702.648459	2228.228425
-7702.213109	2228.527638
-7701.787505	2228.846271
-7701.374720	2229.182828
-7700.968520	2229.544080
-7700.605902	2229.894622
-7700.256024	2230.261391
-7699.917358	2230.647509
-7699.584356	2231.061760
-7699.269755	2231.489316
-7698.967138	2231.939353
-7698.704707	2232.364959
-7698.451839	2232.810619
-7698.215144	2233.266643
-7697.992255	2233.739280
-7697.783974	2234.226778
-7697.567552	2234.708806
-7697.387435	2235.221097
-7697.197698	2235.722990
-7697.030852	2236.198877
-7696.902635	2236.690880
-7696.760938	2237.177389
-7696.652888	2237.691250
-7696.531072	2238.196638
-7696.444242	2238.725844
-7696.343302	2239.254899
-7696.277346	2239.805810
-7696.199863	2240.345781
-7696.156662	2240.903567
-7696.101302	2241.459853
-7696.059799	2241.963213
-7696.045548	2242.475357
-7696.018807	2242.985841
-7696.015295	2243.511560
-7696.014900	2244.043239
-7696.016772	2244.582317
-7696.020157	2245.122978
-7696.010339	2245.652770
-7696.016043	2246.205357
-7696.010106	2246.744903
-7696.017830	2247.302131
-7696.017935	2247.858732
-7696.027512	2248.422618
-7696.033061	2248.984273
-7696.043711	2249.490615
-7696.054502	2250.058131
-7696.065904	2250.565157
-7696.077654	2251.086516
-7696.089376	2251.605877
-7696.100913	2252.122209
-7696.117626	2252.632230
-7696.130684	2253.165643
-7696.152849	2253.676682
-7696.167359	2254.211745
-7696.191857	2254.735171
-7696.207106	2255.274922
-7696.222601	2255.819766
-7696.251146	2256.354250
-7696.267534	2256.906413
-7696.296974	2257.439710
-7696.314506	2257.996166
-7696.348511	2258.541371
-7696.367260	2259.104584
-7696.386120	2259.670179
-7696.405010	2260.240044
-7696.423775	2260.811163
-7696.463615	2261.368920
-7696.482911	2261.941816
-7696.501958	2262.517999
-7696.521305	2263.089170
-7696.540665	2263.668328
-7696.584485	2264.234175
-7696.601537	2264.738190
-7696.621173	2265.316706
-7696.638362	2265.817671
-7696.656028	2266.326998
-7696.702388	2266.895777
-7696.723399	2267.479581
-7696.771009	2268.056550
-7696.793721	2268.648464
-7696.813416	2269.155232
-7696.833362	2269.662689
-7696.853444	2270.168825
-7696.873670	2270.673835
-7696.926344	2271.246018
-7696.947334	2271.749143
-7697.001331	2272.321665
-7697.027005	2272.903629
-7697.053018	2273.487532
-7697.108024	2274.050110
-7697.134201	2274.626936
-7697.187426	2275.183302
-7697.214095	2275.754345
-7697.267734	2276.310296
-7697.294920	2276.876351
-7697.321935	2277.437300
-7697.348958	2277.997570
-7697.375830	2278.552816
-7697.402717	2279.103595
-7697.429690	2279.651882
-7697.456763	2280.198985
-7697.483868	2280.741956
-7697.511110	2281.282979
-7697.538295	2281.820635
-7697.565618	2282.357792
-7697.592888	2282.889338
-7697.620048	2283.414320
-7697.647813	2283.946500
-7697.675264	2284.469468
-7697.702585	2284.986018
-7697.730552	2285.510464
-7697.758381	2286.028051
-7697.785812	2286.534140
-7697.813549	2287.041824
-7697.841524	2287.549794
-7697.869481	2288.053456
-7697.897558	2288.555322
-7697.929730	2289.125258
-7697.961866	2289.689396
-7697.993723	2290.243793
-7698.026312	2290.806033
-7698.058334	2291.353777
-7698.090744	2291.903512
-7698.122969	2292.447434
-7698.154826	2292.988046
-7698.185497	2293.520147
-7698.215162	2294.052077
-7698.243480	2294.578378
-7698.270772	2295.103497
-7698.296601	2295.623861
-7698.320622	2296.137661
-7698.343361	2296.651049
-7698.364930	2297.160111
-7698.385426	2297.661379
-7698.405560	2298.164687
-7698.427756	2298.723643
-7698.449505	2299.276309
-7698.470959	2299.827956
-7698.491879	2300.368125
-7698.546989	2300.885555
-7698.567717	2301.387423
-7698.619251	2301.897118
-7698.668340	2302.418730
-7698.688121	2302.936816
-7698.734510	2303.437353
-7698.757051	2303.953415
-7698.808622	2304.469315
-7698.832431	2305.003711
-7698.879260	2305.503750
-7698.902021	2306.007160
-7698.950391	2306.514073
-7698.973464	2307.034811
-7699.020548	2307.543770
-7699.066183	2308.046204
-7699.089273	2308.557919
-7699.111480	2309.063703
-7699.133403	2309.577140
-7699.177014	2310.082611
-7699.197832	2310.593474
-7699.240266	2311.094789
-7699.261022	2311.606325
-7699.303056	2312.111617
-7699.322748	2312.620633
-7699.362820	2313.128528
-7699.381829	2313.641577
-7699.419915	2314.143723
-7699.438260	2314.655819
-7699.456318	2315.167304
-7699.473972	2315.677199
-7699.491723	2316.191361
-7699.529936	2316.699494
-7699.548124	2317.218846
-7699.587297	2317.734729
-7699.607047	2318.247909
-7699.647248	2318.760019
-7699.667297	2319.265965
-7699.688414	2319.789755
-7699.709966	2320.303911
-7699.751338	2320.804740
-7699.791260	2321.321395
-7699.812161	2321.839382
-7699.849423	2322.349530
-7699.871079	2322.869119
-7699.907006	2323.381665
-7699.927908	2323.903333
-7699.948782	2324.419193
-7699.970165	2324.941625
-7699.991548	2325.457588
-7700.013366	2325.981369
-7700.035322	2326.502417
-7700.057665	2327.027376
-7700.079992	2327.547258
-7700.102770	2328.070460
-7700.126150	2328.593261
-7700.150086	2329.115715
-7700.174692	2329.642666
-7700.199407	2330.168108
-7700.226988	2330.748361
-7700.252357	2331.272972
-7700.278732	2331.806783
-7700.305217	2332.336428
-7700.332208	2332.868452
-7700.359406	2333.393230
-7700.387517	2333.929116
-7700.415925	2334.464918
-7700.444440	2334.996657
-7700.473855	2335.535585
-7700.503437	2336.067990
-7700.533647	2336.605587
-7700.564012	2337.140590
-7700.594963	2337.680859
-7700.625910	2338.221387
-7700.656551	2338.757257
-7700.687510	2339.297016
-7700.718514	2339.838942
-7700.749322	2340.377130
-7700.780584	2340.919292
-7700.811872	2341.458493
-7700.843434	2342.001147
-7700.875343	2342.545471
-7700.910975	2343.147225
-7700.943582	2343.692446
-7700.976260	2344.233785
-7701.009368	2344.777195
-7701.042997	2345.324088
-7701.076728	2345.867703
-7701.110943	2346.414169
-7701.145461	2346.960677
-7701.179862	2347.503303
-7701.214426	2348.048496
-7701.249162	2348.595804
-7701.283534	2349.140262
-7701.317770	2349.689394
-7701.350976	2350.229092
-7701.384068	2350.774411
-7701.416754	2351.321595
-7701.448666	2351.866561
-7701.480166	2352.411326
-7701.510908	2352.950308
-7701.541258	2353.493079
-7701.571395	2354.040404
-7701.600755	2354.582475
-7701.629673	2355.126309
-7701.657727	2355.666731
-7701.685361	2356.208880
-7701.712718	2356.754609
-7701.739335	2357.295440
-7701.765540	2357.840721
-7701.791252	2358.385605
-7701.816254	2358.925052
-7701.841027	2359.470298
-7701.865002	2360.011747
-7701.888488	2360.556356
-7701.911522	2361.101529
-7701.933764	2361.641683
-7701.955546	2362.182448
-7701.977206	2362.727132
-7701.998414	2363.266947
-7702.019467	2363.810822
-7702.040313	2364.354031
-7702.060961	2364.893563
-7702.081806	2365.437350
-7702.102680	2365.980823
-7702.153210	2366.509697
-7702.174503	2367.050786
-7702.224635	2367.574142
-7702.246685	2368.117380
-7702.295730	2368.648805
-7702.317719	2369.185275
-7702.340198	2369.726570
-7702.362974	2370.267692
-7702.410232	2370.791931
-7702.432967	2371.331069
-7702.455692	2371.864627
-7702.501992	2372.393436
-7702.525771	2372.927982
-7702.571982	2373.450108
-7702.596436	2373.985813
-7702.642160	2374.501987
-7702.666745	2375.033263
-7702.712923	2375.559239
-7702.758059	2376.080825
-7702.783087	2376.611803
-7702.825235	2377.132194
-7702.848842	2377.658136
-7702.888511	2378.180085
-7702.911687	2378.704229
-7702.948439	2379.224125
-7702.971214	2379.754057
-7703.006447	2380.271432
-7703.029193	2380.799826
-7703.063382	2381.319800
-7703.085555	2381.843715
-7703.107659	2382.370333
-7703.140355	2382.888566
-7703.162461	2383.414670
-7703.194173	2383.934508
-7703.215757	2384.457733
-7703.237524	2384.986000
-7703.258925	2385.509215
-7703.289230	2386.028912
-7703.310359	2386.552199
-7703.340290	2387.073383
-7703.369906	2387.596864
-7703.391565	2388.119985
-7703.413538	2388.643650
-7703.435644	2389.163294
-7703.464986	2389.669495
-7703.488056	2390.178334
-7703.511455	2390.687113
-7703.534933	2391.191439
-7703.566324	2391.739728
-7703.592051	2392.285195
-7703.624189	2392.823959
-7703.655809	2393.358360
-7703.682509	2393.895100
-7703.709322	2394.426895
-7703.736035	2394.949140
-7703.762803	2395.466183
-7703.789685	2395.979269
-7703.816764	2396.490050
-7703.843745	2396.993068
-7703.873502	2397.542718
-7703.902888	2398.087032
-7703.931659	2398.623323
-7703.959962	2399.155370
-7703.987538	2399.682290
-7704.014248	2400.202745
-7704.040290	2400.715326
-7704.065558	2401.219040
-7704.091801	2401.751127
-7704.117476	2402.272239
-7704.141798	2402.775876
-7704.165518	2403.276286
-7704.189098	2403.782764
-7704.213555	2404.322222
-7704.237663	2404.860564
-7704.260664	2405.371306
-7704.283581	2405.883646
-7704.306883	2406.403130
-7704.329776	2406.908299
-7704.352616	2407.415084
-7704.376247	2407.936847
-7704.399687	2408.455240
-7704.422724	2408.965723
-7704.445813	2409.476348
-7704.468987	2409.989632
-7704.492159	2410.507103
-7704.515187	2411.021820
-7704.538105	2411.538563
-7704.561244	2412.060094
-7704.584428	2412.581164
-7704.607672	2413.103036
-7704.630828	2413.622392
-7704.654357	2414.150318
-7704.677551	2414.671769
-7704.700834	2415.197646
-7704.724017	2415.720920
-7704.747585	2416.251391
-7704.770962	2416.776108
-7704.796609	2417.350113
-7704.820307	2417.879616
-7704.843967	2418.406736
-7704.867611	2418.929268
-7704.891449	2419.447922
-7704.915271	2419.956069
-7704.939578	2420.461556
-7704.966053	2421.001169
-7704.992988	2421.534244
-7705.021104	2422.068950
-7705.050466	2422.600489
-7705.081595	2423.130693
-7705.114417	2423.658236
-7705.149753	2424.187367
-7705.187839	2424.712227
-7705.229468	2425.240252
-7705.274658	2425.764060
-7705.324956	2426.290078
-7705.380969	2426.813153
-7705.443591	2427.334779
-7705.513216	2427.857110
-7705.589503	2428.376296
-7705.673034	2428.897615
-7705.763176	2429.417184
-7705.861403	2429.942263
-7705.966548	2430.467156
-7706.077540	2430.990122
-7706.195122	2431.518924
-7706.316711	2432.043390
-7706.443169	2432.569659
-7706.572509	2433.089854
-7706.705003	2433.608545
-7706.837848	2434.118864
-7706.972385	2434.626513
-7707.107469	2435.130402
-7707.241093	2435.625338
-7707.374550	2436.115486
-7707.506914	2436.600355
-7707.637798	2437.082959
-7707.775138	2437.596952
-7707.909577	2438.111039
-7708.037324	2438.615536
-7708.159708	2439.116582
-7708.276792	2439.618501
-7708.386026	2440.114187
-7708.487991	2440.608775
-7708.587857	2441.132503
-7708.677552	2441.650837
-7708.756546	2442.163962
-7708.824646	2442.665670
-7708.886415	2443.195446
-7708.938337	2443.721278
-7708.981137	2444.237245
-7709.016402	2444.738812
-7709.046499	2445.243215
-7709.073508	2445.759568
-7709.098406	2446.284128
-7709.121000	2446.799830
-7709.142160	2447.312590
-7709.161762	2447.823147
-7709.179288	2448.324907
-7709.195770	2448.844528
-7709.210655	2449.355886
-7709.224395	2449.862719
-7709.237582	2450.367705
-7709.250765	2450.873304
-7709.264449	2451.381873
-7709.277825	2451.889376
-7709.291151	2452.413252
-7709.304204	2452.941478
-7709.317051	2453.473906
-7709.329117	2453.987422
-7709.341111	2454.503815
-7709.352729	2455.013567
-7709.364989	2455.554999
-7709.376960	2456.075244
-7709.388895	2456.575718
-7709.401592	2457.094183
-7709.415122	2457.639641
-7709.427935	2458.144389
-7709.441137	2458.663918
-7709.454645	2459.196442
-7709.468866	2459.744153
-7709.496033	2460.285795
-7709.524491	2460.840058
-7709.540641	2461.367612
-7709.561134	2461.873609
-7709.576847	2462.401488
-7709.585282	2462.910376
-7709.600163	2463.432073
-7709.615002	2463.954072
-7709.602841	2464.456521
-7709.617193	2464.965832
-7709.631912	2465.477456
-7709.647175	2465.983478
-7709.641217	2466.519850
-7709.662020	2467.071021
-7709.685933	2467.614130
-7709.694853	2468.142323
-7709.727792	2468.671118
-7709.767063	2469.203452
-7709.812154	2469.725451
-7709.864520	2470.248050
-7709.924035	2470.764238
-7709.991945	2471.279646
-7710.069794	2471.797458
-7710.156679	2472.307631
-7710.254924	2472.819812
-7710.364154	2473.327216
-7710.486095	2473.835193
-7710.621151	2474.343351
-7710.767984	2474.843599
-7710.930381	2475.345516
-7711.106817	2475.842514
-7711.300913	2476.342222
-7711.491630	2476.830255
-7711.697102	2477.316855
-7711.938388	2477.805567
-7712.172354	2478.278682
-7712.428349	2478.754472
-7712.721708	2479.222228
-7713.004078	2479.638340
-7713.310731	2480.085949
-7713.653942	2480.519357
-7713.981974	2480.900596
-7714.323422	2481.267096
-7714.686754	2481.626273
-7715.064287	2481.969637
-7715.458687	2482.298861
-7715.874140	2482.616123
-7716.312833	2482.921225
-7716.774057	2483.213037
-7717.255053	2483.487887
-7717.701451	2483.718526
-7718.168187	2483.938881
-7718.655361	2484.150354
-7719.159538	2484.352055
-7719.673896	2484.541684
-7720.209741	2484.723519
-7720.687292	2484.873196
-7721.175060	2485.014634
-7721.686984	2485.150770
-7722.207974	2485.277060
-7722.731745	2485.392888
-7723.277449	2485.503184
-7723.843605	2485.607894
-7724.413500	2485.704684
-7724.915055	2485.783759
-7725.431962	2485.860029
-7725.952503	2485.932084
-7726.478130	2486.000382
-7727.015586	2486.066036
-7727.561776	2486.128905
-7728.121073	2486.189630
-7728.681427	2486.247141
-7729.254529	2486.302993
-7729.837288	2486.357039
-7730.432008	2486.409346
-7731.029653	2486.458909
-7731.597081	2486.515975
-7732.107171	2486.552727
-7732.627611	2486.588488
-7733.210718	2486.633850
-7733.735308	2486.666381
-7734.269279	2486.698081
-7734.772032	2486.728007
-7735.313392	2486.756688
-7735.858755	2486.784541
-7736.371015	2486.803996
-7736.934698	2486.829901
-7737.498114	2486.854865
-7738.062843	2486.879075
-7738.600299	2486.889276
-7739.176414	2486.911589
-7739.759726	2486.933397
-7740.313448	2486.934046
-7740.904774	2486.953445
-7741.503576	2486.972285
-7742.072236	2486.964776
-7742.678267	2486.981334
-7743.297303	2486.997411
-7743.912294	2487.012601
-7744.478878	2486.996685
-7745.105099	2487.009813
-7745.614893	2487.020077
-7746.204609	2486.999047
-7746.721427	2487.007949
-7747.233192	2487.016427
-7747.755047	2487.024804
-7748.271737	2487.032862
-7748.801481	2487.040882
-7749.323690	2487.048549
-7749.858484	2487.056158
-7750.478946	2487.016859
-7751.012354	2487.022960
-7751.555831	2487.029095
-7752.094379	2487.035071
-7752.609181	2486.986189
-7753.143359	2486.990764
-7753.698234	2486.995505
-7754.248888	2487.000212
-7754.811792	2487.004915
-7755.368283	2487.009426
-7755.935968	2487.013887
-7756.498347	2487.018165
-7757.069912	2487.022371
-7757.581688	2486.964413
-7758.148532	2486.967755
-7758.729837	2486.971038
-7759.273454	2486.913781
-7759.851059	2486.915814
-7760.438639	2486.917737
-7761.019812	2486.919494
-7761.564017	2486.860230
-7762.161176	2486.860981
-7762.763303	2486.861535
-7763.357759	2486.861841
-7763.928892	2486.804809
-7764.523072	2486.804069
-7765.123858	2486.803031
-7765.738217	2486.801673
-7766.317547	2486.746599
-7766.927042	2486.743688
-7767.547644	2486.740309
-7768.159324	2486.736511
-7768.777968	2486.732195
-7769.360422	2486.673450
-7769.992676	2486.667604
-7770.617051	2486.661378
-7771.252522	2486.654620
-7771.837955	2486.598446
-7772.479594	2486.590283
-7773.112176	2486.581790
-7773.760954	2486.572650
-7774.360220	2486.517150
-7775.010384	2486.506612
-7775.655307	2486.495712
-7776.310454	2486.484170
-7776.914170	2486.428013
-7777.577584	2486.414993
-7778.078827	2486.404794
-7778.733142	2486.390980
-7779.363822	2486.332647
-7780.023945	2486.317174
-7780.528369	2486.305059
-7781.192443	2486.288723
-7781.836234	2486.230704
-7782.347637	2486.217109
-7782.847896	2486.203560
-7783.358824	2486.189508
-7783.872563	2486.175202
-7784.376065	2486.161007
-7785.028479	2486.098707
-7785.536086	2486.083589
-7786.055596	2486.067939
-7786.578952	2486.051997
-7787.088187	2486.036373
-7787.751809	2485.972946
-7788.265757	2485.956406
-7788.792478	2485.939356
-7789.319091	2485.922216
-7789.836780	2485.905331
-7790.508074	2485.839889
-7791.040749	2485.821993
-7791.562457	2485.804448
-7792.096142	2485.786485
-7792.621775	2485.768771
-7793.158608	2485.750641
-7793.687513	2485.732758
-7794.227021	2485.714435
-7794.768799	2485.695934
-7795.311999	2485.677295
-7795.845449	2485.658905
-7796.388988	2485.640109
-7797.050670	2485.565895
-7797.599159	2485.546568
-7798.137454	2485.527583
-7798.687564	2485.508145
-7799.197996	2485.443303
-7799.751846	2485.423178
-7800.295033	2485.403339
-7800.852065	2485.382891
-7801.393069	2485.362929
-7801.918132	2485.297781
-7802.478179	2485.276582
-7803.024872	2485.255848
-7803.587515	2485.234491
-7804.151942	2485.213049
-7804.704819	2485.192028
-7805.269770	2485.170531
-7805.785205	2485.107056
-7806.342609	2485.085297
-7806.910268	2485.063121
-7807.481701	2485.040774
-7808.042529	2485.018799
-7808.571958	2484.953751
-7809.144940	2484.931028
-7809.707499	2484.908681
-7810.284551	2484.885686
-7810.862138	2484.862631
-7811.380290	2484.805203
-7811.961211	2484.781712
-7812.529534	2484.758628
-7813.114930	2484.734808
-7813.697009	2484.711034
-7814.281402	2484.687055
-7814.805270	2484.631829
-7815.393366	2484.607151
-7815.967544	2484.582970
-7816.558627	2484.558052
-7817.149511	2484.533125
-7817.690117	2484.477321
-7818.280835	2484.451935
-7818.876531	2484.426316
-7819.457374	2484.401318
-7820.055573	2484.375554
-7820.601981	2484.317230
-7821.197358	2484.291038
-7821.799405	2484.264486
-7822.389584	2484.238445
-7822.989613	2484.212023
-7823.564676	2484.151469
-7824.155683	2484.125296
-7824.762477	2484.098405
-7825.356062	2484.072081
-7825.965487	2484.045036
-7826.559663	2484.018623
-7827.172468	2483.991357
-7827.735245	2483.938669
-7828.347436	2483.911449
-7828.949047	2483.884681
-7829.561639	2483.857406
-7830.164615	2483.830540
-7830.784111	2483.802918
-7831.401119	2483.775388
-7832.009145	2483.748240
-7832.631043	2483.720453
-7833.255417	2483.692536
-7833.880642	2483.664540
-7834.489616	2483.637167
-7835.112497	2483.609128
-7835.727529	2483.581424
-7836.352896	2483.553235
-7836.983319	2483.524748
-7837.600949	2483.496740
-7838.232146	2483.468014
-7838.867637	2483.438974
-7839.497447	2483.410073
-7840.118368	2483.381464
-7840.754799	2483.352044
-7841.391373	2483.322542
-7842.014297	2483.293578
-7842.653116	2483.263850
-7843.294279	2483.233992
-7843.922374	2483.204723
-7844.563339	2483.174835
-7845.205583	2483.144867
-7845.835975	2483.115384
-7846.483947	2483.085008
-7847.132238	2483.054575
-7847.760915	2483.024950
-7848.411861	2482.994206
-7849.061271	2482.963514
-7849.696332	2482.933459
-7850.341638	2482.902805
-7850.980482	2482.872359
-7851.636460	2482.841066
-7852.278085	2482.810359
-7852.931649	2482.778960
-7853.590030	2482.747205
-7854.250350	2482.715237
-7854.913135	2482.683106
-7855.556533	2482.651895
-7856.217988	2482.619787
-7856.863340	2482.588441
-7857.525474	2482.556254
-7858.173533	2482.524651
-7858.835115	2482.492266
-7859.495496	2482.459815
-7860.160500	2482.427011
-7860.813077	2482.394720
-7861.480659	2482.361607
-7862.128600	2482.329347
-7862.802240	2482.295735
-7863.473217	2482.262234
-7864.128510	2482.229445
-7864.804688	2482.195503
-7865.478184	2482.161621
-7866.139360	2482.128293
-7866.815654	2482.094175
-7867.489483	2482.060131
-7868.151044	2482.026680
-7868.827354	2481.992463
-7869.488550	2481.958989
-7870.167940	2481.924574
-7870.846040	2481.890220
-7871.522960	2481.855929
-7872.187772	2481.822310
-7872.863060	2481.788246
-7873.526107	2481.754882
-7874.202002	2481.720956
-7874.884032	2481.686807
-7875.544343	2481.653863
-7876.224059	2481.620122
-7876.901620	2481.586657
-7877.583241	2481.553083
-7878.246293	2481.520507
-7878.922920	2481.487365
-7879.587809	2481.454899
-7880.268874	2481.421727
-7880.948139	2481.388728
-7881.612603	2481.356555
-7882.293598	2481.323737
-7882.970674	2481.291295
-7883.648728	2481.258997
-7884.315719	2481.227409
-7884.992860	2481.195471
-7885.659034	2481.164180
-7886.333645	2481.132576
-7887.017636	2481.100619
-7887.677236	2481.069884
-7888.360977	2481.038109
-7889.038313	2481.006693
-7889.719481	2480.975084
-7890.385939	2480.944137
-7891.063335	2480.912661
-7891.730641	2480.881634
-7892.406756	2480.850175
-7893.087047	2480.818448
-7893.750806	2480.787366
-7894.429684	2480.755451
-7895.108669	2480.723402
-7895.768811	2480.692119
-7896.442202	2480.660082
-7897.102427	2480.628549
-7897.779486	2480.596085
-7898.453999	2480.563617
-7899.116653	2480.531594
-7899.794221	2480.498725
-7900.462015	2480.466204
-7901.119707	2480.434052
-7901.792062	2480.401087
-7902.449954	2480.368714
-7903.123878	2480.335478
-7903.791500	2480.302509
-7904.464549	2480.269151
-7905.119777	2480.236553
-7905.788521	2480.203157
-7906.456356	2480.169682
-7907.109719	2480.136809
-7907.777787	2480.103072
-7908.430097	2480.070009
-7909.097253	2480.036070
-7909.766954	2480.001874
-7910.433333	2479.967721
-7911.101746	2479.933338
-7911.753784	2479.899675
-7912.418198	2479.865250
-7913.069253	2479.831394
-7913.733309	2479.796739
-7914.394392	2479.762120
-7915.045783	2479.727943
-7915.702982	2479.693344
-7916.368682	2479.658171
-7917.012446	2479.624037
-7917.674737	2479.588797
-7918.318148	2479.554441
-7918.977549	2479.519109
-7919.638108	2479.483590
-7920.283979	2479.448739
-7920.941293	2479.413149
-7921.601014	2479.377304
-7922.260332	2479.341356
-7922.904395	2479.306118
-7923.561775	2479.270030
-7924.206094	2479.234538
-7924.860547	2479.198366
-7925.500137	2479.162896
-7926.156433	2479.126377
-7926.811909	2479.089779
-7927.463553	2479.053272
-7928.104005	2479.017273
-7928.752620	2478.980693
-7929.392083	2478.944510
-7930.040654	2478.907690
-7930.694078	2478.870472
-7931.330181	2478.834121
-7931.983587	2478.796660
-7932.636409	2478.759109
-7933.273107	2478.722365
-7933.920140	2478.684905
-7934.568541	2478.647243
-7935.200394	2478.610424
-7935.848393	2478.572543
-7936.482594	2478.535355
-7937.130035	2478.497348
-7937.775110	2478.459460
-7938.424883	2478.421276
-7939.059703	2478.383950
-7939.705498	2478.345960
-7940.333371	2478.309003
-7940.976803	2478.271112
-7941.614959	2478.233516
-7942.246096	2478.196418
-7942.885853	2478.158882
-7943.528813	2478.121221
-7944.171987	2478.083629
-7944.797774	2478.047132
-7945.437996	2478.009872
-7946.062388	2477.973612
-7946.700310	2477.936645
-7947.341277	2477.899560
-7947.966474	2477.863395
-7948.604230	2477.826578
-7949.244569	2477.789687
-7949.869105	2477.753709
-7950.506356	2477.717028
-7951.144893	2477.680330
-7951.762945	2477.644845
-7952.400467	2477.608314
-7953.037995	2477.571809
-7953.660461	2477.536238
-7954.298868	2477.499885
-7954.932323	2477.463994
-7955.553410	2477.428978
-7956.184840	2477.393556
-7956.821105	2477.358042
-7957.436686	2477.323809
-7958.069302	2477.288706
-7958.687490	2477.254482
-7959.320068	2477.219539
-7959.948862	2477.184885
-7960.580414	2477.150159
-7961.194969	2477.116491
-7961.809519	2477.082994
-7962.438391	2477.048891
-7963.068149	2477.014914
-7963.697921	2476.981053
-7964.314969	2476.947997
-7964.942500	2476.914479
-7965.567572	2476.881188
-7966.178261	2476.848738
-7967.012473	2476.804532
-7967.623231	2476.772257
-7968.246640	2476.739396
-7968.871425	2476.706585
-7969.494709	2476.673947
-7970.100535	2476.642300
-7970.722963	2476.609857
-7971.331917	2476.578134
-7971.952290	2476.545857
-7972.558711	2476.514307
-7973.180672	2476.481973
-7973.802298	2476.449657
-7974.424030	2476.417323
-7975.030487	2476.385790
-7975.651564	2476.353478
-7976.252451	2476.322197
-7976.873053	2476.289871
-7977.477851	2476.258349
-7978.094426	2476.226195
-7978.711063	2476.194018
-7979.328121	2476.161799
-7979.945751	2476.129531
-7980.546773	2476.098112
-7981.164125	2476.065820
-7981.765660	2476.034317
-7982.379185	2476.002092
-7982.982507	2475.970307
-7983.591893	2475.938088
-7984.206811	2475.905467
-7984.809974	2475.873408
-7985.421929	2475.840774
-7986.032935	2475.808096
-7986.631094	2475.776061
-7987.241005	2475.743288
-7987.838788	2475.711054
-7988.446361	2475.678179
-7989.060015	2475.644860
-7989.656145	2475.612380
-7990.264389	2475.579126
-7990.870789	2475.545859
-7991.462901	2475.513265
-7992.070893	2475.479684
-7992.663742	2475.446827
-7993.270082	2475.413111
-7993.863277	2475.380014
-7994.470084	2475.346044
-7995.075179	2475.312056
-7995.679677	2475.277987
-7996.271338	2475.244531
-7996.875768	2475.210240
-7997.479840	2475.175855
-7998.084696	2475.141311
-7998.703910	2475.105828
-7999.323630	2475.070196
-7999.942662	2475.034483
-8000.561497	2474.998661
-8001.179938	2474.962742
-8001.780622	2474.927738
-8002.396458	2474.891755
-8003.010555	2474.855896
-8003.610213	2474.820915
-8004.224800	2474.785114
-8004.839963	2474.749266
-8005.452782	2474.713518
-8006.050822	2474.678613
-8006.660209	2474.643048
-8007.273896	2474.607257
-8007.879788	2474.571922
-8008.487907	2474.536509
-8009.083780	2474.501794
-8009.687043	2474.466630
-8010.290040	2474.431440
-8010.878515	2474.397016
-8011.479035	2474.361778
-8012.078600	2474.326479
-8012.678253	2474.291058
-8013.279079	2474.255451
-8013.873371	2474.220115
-8014.454946	2474.185423
-8015.048669	2474.149893
-8015.629190	2474.115041
-8016.221168	2474.079410
-8016.801633	2474.044447
-8017.389082	2474.009046
-8017.979893	2473.973423
-8018.556853	2473.938616
-8019.147492	2473.902965
-8019.733027	2473.867603
-8020.316014	2473.832382
-8020.889233	2473.797789
-8021.468513	2473.762868
-8022.036358	2473.728624
-8022.611917	2473.693897
-8023.176409	2473.659819
-8023.752963	2473.624995
-8024.326694	2473.590322
-8024.899953	2473.555680
-8025.472631	2473.521136
-8026.042937	2473.486779
-8026.610018	2473.452648
-8027.164415	2473.419293
-8027.728295	2473.385349
-8028.278227	2473.352227
-8028.839978	2473.318376
-8029.401436	2473.284523
-8029.946861	2473.251621
-8030.506230	2473.217859
-8031.061076	2473.184352
-8031.629049	2473.150054
-8032.169779	2473.117468
-8032.716963	2473.084562
-8033.252224	2473.052447
-8033.797938	2473.019842
-8034.330540	2472.988174
-8034.871666	2472.956156
-8035.412757	2472.924291
-8035.952791	2472.892608
-8036.490292	2472.861217
-8037.027923	2472.829975
-8037.549667	2472.799808
-8038.081166	2472.769229
-8038.610154	2472.738944
-8039.126071	2472.709533
-8039.652315	2472.679685
-8040.165487	2472.650727
-8040.685577	2472.621527
-8041.208204	2472.592338
-8041.725263	2472.563610
-8042.242851	2472.535000
-8042.758505	2472.506596
-8043.261756	2472.478954
-8043.771307	2472.451031
-8044.283118	2472.423051
-8044.943260	2472.387097
-8045.448438	2472.359711
-8046.112986	2472.323822
-8046.614559	2472.296810
-8047.276925	2472.261279
-8047.935966	2472.226159
-8048.590082	2472.191431
-8049.231343	2472.157495
-8049.878729	2472.123366
-8050.524886	2472.089427
-8051.167541	2472.055782
-8051.819088	2472.021785
-8052.455389	2471.988693
-8053.088835	2471.955791
-8053.706983	2471.923658
-8054.335198	2471.890974
-8054.957273	2471.858546
-8055.576419	2471.826115
-8056.195759	2471.793515
-8056.812566	2471.760888
-8057.424056	2471.728385
-8058.031351	2471.695949
-8058.635312	2471.663536
-8059.238235	2471.631023
-8059.827455	2471.599098
-8060.420816	2471.566766
-8061.026947	2471.533548
-8061.616203	2471.501101
-8062.201164	2471.468740
-8062.773471	2471.436933
-8063.354316	2471.404503
-8063.930254	2471.372199
-8064.493238	2471.340478
-8065.075053	2471.307546
-8065.645438	2471.275112
-8066.208828	2471.242931
-8066.761345	2471.211229
-8067.319642	2471.179054
-8067.874681	2471.146957
-8068.424288	2471.115150
-8068.975104	2471.083336
-8069.524890	2471.051675
-8070.068360	2471.020471
-8070.607286	2470.989636
-8071.145850	2470.959038
-8071.680827	2470.928940
-8072.203684	2470.899755
-8072.730099	2470.870591
-8073.258429	2470.841593
-8073.780027	2470.813248
-8074.308719	2470.784726
-8074.817114	2470.757497
-8075.329028	2470.730275
-8075.830659	2470.703822
-8076.334464	2470.677497
-8076.837646	2470.651394
-8077.338938	2470.625503
-8077.959857	2470.593426
-8078.573332	2470.561567
-8079.182979	2470.529712
-8079.785698	2470.498026
-8080.386045	2470.466272
-8080.989977	2470.434133
-8081.578067	2470.402647
-8082.162608	2470.371164
-8082.734955	2470.340155
-8083.309015	2470.308870
-8083.880594	2470.277538
-8084.453194	2470.245964
-8085.013833	2470.214868
-8085.571486	2470.183760
-8086.123867	2470.152768
-8086.671240	2470.121881
-8087.216481	2470.090940
-8087.759082	2470.059974
-8088.302760	2470.028772
-8088.828938	2469.998404
-8089.356757	2469.967773
-8089.880816	2469.937193
-8090.401126	2469.906664
-8090.921338	2469.875974
-8091.444787	2469.844924
-8091.956414	2469.814410
-8092.457295	2469.784377
-8092.962943	2469.753897
-8093.466295	2469.723394
-8093.967364	2469.692869
-8094.569922	2469.655946
-8095.162342	2469.619416
-8095.753004	2469.582767
-8096.340822	2469.546069
-8096.928711	2469.509138
-8097.514949	2469.471961
-8098.097293	2469.434622
-8098.678672	2469.396911
-8099.259472	2469.358664
-8099.839088	2469.319900
-8100.413877	2469.280870
-8100.989094	2469.241221
-8101.556592	2469.201525
-8102.126670	2469.161028
-8102.703044	2469.119318
-8103.271567	2469.077431
-8103.837850	2469.034947
-8104.401982	2468.991864
-8104.965237	2468.947998
-8105.535420	2468.902569
-8106.091614	2468.857100
-8106.646957	2468.810429
-8107.200089	2468.762662
-8107.750066	2468.713805
-8108.303201	2468.663201
-8108.846049	2468.612095
-8109.386243	2468.559866
-8109.922353	2468.506617
-8110.461500	2468.451616
-8110.992652	2468.395976
-8111.518321	2468.339518
-8112.039798	2468.282131
-8112.557500	2468.223760
-8113.074420	2468.164028
-8113.587961	2468.103299
-8114.096992	2468.041639
-8114.602165	2467.978939
-8115.103207	2467.915260
-8115.601035	2467.850483
-8116.099093	2467.784038
-8116.666460	2467.706297
-8117.227553	2467.627214
-8117.781831	2467.546703

